$ANSIBLE_VAULT;1.1;AES256
36343031396266363939623037323064386264613731343631383239383636313132373363303038
6433626464656131303138343266373566383961626231330a393632353766316139633430326661
64316133633165326162646164613437373863383438666536383836313433616136373461313938
6533653966613765310a393234303037326463383830626233653232323663306533663134356462
65643731323132633935323135363435666334633639646366303364613661383430646337356466
38653965343531663132303933626163383537633635333737353465643339643666353039643761
64343165323765313635613331396631313136623533653339643030323365373535393435376135
35323436613566383530323165326361383261346638646562666339393438616665386466313362
64346135643162613261326139373361313862623436353065656463636234363036316562376230
36303433353532313739303334336238326330326463613933643562653332663735643833393334
36663261626134323336613966383263366661633835396230303962356539366131303132326464
61353662303665303064343861613930343934623936316538386230633261663161643735373530
64616564663835623439356438383965396430623833366430313863336339643930626265386561
32656263306236666439643562323737383966663266336634393036353763323234326262373464
30666635376666313136333763313131623465373161326437326237643164376161663561376662
36383338323438383462623365616463633536643238333762313830643331663435363633366335
63343065393932633535343762333766633930303039333038663630316265303238316434316131
3033333463343433636236323538323336366635626461383964
